$ 1 0.000005 10.20027730826997 50 5 50
151 672 256 800 256 0 2 5 5
r 848 256 848 336 0 330
162 848 336 848 400 1 2.1024259 1 0 0 0.01
g 848 400 848 432 0
w 800 256 848 256 0
s 480 240 544 240 0 1 false
s 480 272 544 272 0 1 false
w 544 240 608 240 0
w 608 240 672 240 0
w 672 272 576 272 0
w 576 272 544 272 0
R 448 208 448 176 0 0 40 5 0 0 0.5
w 448 272 480 272 0
w 448 240 448 208 0
w 448 240 480 240 0
w 448 272 448 240 0
r 576 272 576 336 0 10000
r 608 240 608 368 0 10000
g 608 368 608 400 0
w 608 368 576 368 0
w 576 368 576 336 0
