$ 1 0.000005 10.20027730826997 50 5 50
196 592 224 768 224 0
196 592 96 768 96 0
196 592 352 704 352 0
196 592 480 720 480 0
w 688 96 720 96 0
w 720 96 720 192 0
w 720 192 576 192 0
w 576 192 576 288 0
w 576 288 592 288 0
w 688 224 720 224 0
w 720 224 720 320 0
w 720 320 576 320 0
w 576 320 576 416 0
w 576 416 592 416 0
w 688 352 720 352 0
w 720 352 720 448 0
w 720 448 576 448 0
w 576 448 576 544 0
w 576 544 592 544 0
M 688 160 768 160 0 2.5
M 688 288 768 288 0 2.5
M 688 416 768 416 0 2.5
M 688 544 768 544 0 2.5
M 704 608 768 608 0 2.5
w 704 608 704 480 0
w 704 480 688 480 0
L 384 96 336 96 0 0 false 5 0
L 384 128 336 128 0 0 false 5 0
L 384 160 336 160 0 0 false 5 0
L 384 192 336 192 0 0 false 5 0
w 384 96 592 96 0
w 592 224 544 224 0
w 544 224 544 128 0
w 544 128 384 128 0
w 384 160 528 160 0
w 528 160 528 352 0
w 528 352 592 352 0
w 592 480 512 480 0
w 512 480 512 192 0
w 512 192 384 192 0
L 384 240 336 240 0 0 false 5 0
L 384 272 336 272 0 0 false 5 0
L 384 336 336 336 0 0 false 5 0
L 384 304 336 304 0 0 false 5 0
w 592 256 416 256 0
w 416 256 416 272 0
w 416 272 384 272 0
w 592 384 496 384 0
w 496 384 496 304 0
w 496 304 384 304 0
w 592 512 464 512 0
w 464 512 464 336 0
w 464 336 384 336 0
w 384 240 560 240 0
w 560 240 560 128 0
w 560 128 592 128 0
L 576 80 576 32 0 0 false 5 0
w 576 80 576 160 0
w 576 160 592 160 0
