$ 1 0.000005 10.20027730826997 50 5 50
193 544 320 672 320 0 5
193 752 320 880 320 0 5
193 960 320 1088 320 0 5
R 544 352 496 352 1 2 100 2.5 2.5 0 0.5
w 640 320 688 320 0
w 688 320 688 352 0
w 688 352 752 352 0
w 848 320 880 320 0
w 880 320 880 352 0
w 880 352 960 352 0
R 544 320 544 288 0 0 40 5 0 0 0.5
R 752 320 752 288 0 0 40 5 0 0 0.5
R 960 320 960 288 0 0 40 5 0 0 0.5
M 640 384 640 496 0 2.5
M 848 384 848 496 0 2.5
M 1056 384 1056 496 0 2.5
o 3 64 0 4102 5 0.00009765625 0 2 3 3
o 13 64 0 4102 5 0.1 0 1
o 14 64 0 4102 5 0.1 0 1
o 15 64 0 4102 5 0.1 0 1
