$ 1 0.000005 10.20027730826997 50 5 50
v 400 384 400 304 0 0 40 5 0 0 0.5
g 400 384 400 416 0
w 400 304 400 288 0
w 464 288 512 288 0
R 432 560 352 560 0 2 100 5 5 0 0.5
w 512 560 512 512 0
I 512 560 720 560 0 0.5 5
w 432 560 512 560 0
f 528 352 528 304 0 0.1 0.02
w 512 512 512 352 0
w 512 352 528 352 0
w 512 288 512 304 0
c 608 288 608 448 0 0.00009999999999999999 -4.773468878789635
w 544 304 544 288 0
w 544 288 608 288 0
f 544 496 544 448 0 0.1 0.02
w 464 384 464 448 0
w 464 448 528 448 0
w 560 448 608 448 0
f 720 352 720 288 0 0.1 0.02
f 768 512 768 448 0 0.1 0.02
w 720 560 720 496 0
w 720 496 720 352 0
w 608 448 752 448 0
w 608 288 704 288 0
w 768 288 736 288 0
c 848 496 848 448 0 0.00009999999999999999 -9.745060680805008
w 784 448 848 448 0
w 848 448 960 448 0
w 848 496 960 496 0
g 768 288 768 320 0
g 848 496 848 544 0
w 464 384 464 288 0
w 464 288 400 288 0
w 720 496 544 496 0
w 768 512 512 512 0
368 400 288 400 240 0 0
p 960 448 960 496 1 0
o 27 64 0 4098 10 0.1 0 2 27 3
o 12 64 0 4099 5 0.00625 1 2 12 3
