$ 1 3.125e-7 30.13683688681966 50 5 50
R 368 544 288 544 1 2 1000 2.5 2.5 0 0.5
R 320 400 288 400 0 0 40 5 0 0 0.5
d 368 400 432 400 1 0.100904783
d 432 400 496 400 1 0.105904783
I 368 544 432 544 0 0.5 5
I 432 544 496 544 0 0.5 5
c 432 544 432 400 0 0.00001 -4.830679689756151
c 496 544 496 400 0 0.00001 -5.107342162702127
r 592 400 592 496 0 10000
g 592 496 592 528 0
w 496 400 560 400 0
g 1328 496 1328 528 0
r 1328 400 1328 496 0 10000
c 944 544 944 400 0 0.00001 -8.980904709166804
c 880 544 880 400 0 0.00001 -4.632922597660665
I 880 544 944 544 0 0.5 5
I 816 544 880 544 0 0.5 5
d 880 400 944 400 1 0.105904783
d 816 400 880 400 1 0.100904783
R 768 400 720 400 0 0 40 5 0 0 0.5
R 816 544 736 544 1 2 1000 2.5 2.5 0 0.5
d 944 400 1008 400 1 0.105904783
d 1008 400 1072 400 1 0.105904783
d 1072 400 1136 400 1 0.105904783
d 1136 400 1200 400 1 0.105904783
w 1200 400 1280 400 0
c 1008 400 1008 544 0 0.00001 13.908718715294219
c 1072 400 1072 544 0 0.00001 18.258152250224708
c 1136 400 1136 544 0 0.00001 23.18596698714039
c 1200 400 1200 544 0 0.00001 23.260510310392924
w 880 544 880 592 0
w 880 592 1008 592 0
w 1008 592 1008 544 0
w 1008 592 1136 592 0
w 1136 592 1136 544 0
w 944 544 944 576 0
w 944 576 1072 576 0
w 1072 576 1072 544 0
w 1072 576 1200 576 0
w 1200 576 1200 544 0
r 768 400 816 400 0 100
r 320 400 368 400 0 100
c 1280 400 1280 496 0 0.00009999999999999999 28.260510310392924
w 1280 496 1328 496 0
w 1328 400 1280 400 0
w 592 400 560 400 0
c 560 400 560 496 0 0.00009999999999999999 10.107342162702126
w 560 496 592 496 0
c 816 400 816 480 0 0.00009999999999999999 4.708112151599297
g 816 480 816 512 0
c 368 400 368 480 0 0.00009999999999999999 4.903144042844641
g 368 480 368 512 0
o 8 64 0 20483 20 0.003125 0 2 8 3
o 41 64 0 4097 0.3125 0.003125 0 2 41 3
o 12 64 0 20483 40 0.00625 1 2 12 3
o 40 64 0 4097 1.25 0.0125 1 2 40 3
