$ 1 0.000005 10.20027730826997 50 5 50
164 640 176 736 176 0 4 0 5 5 5 false
150 736 336 640 336 0 2 0 5
w 736 240 752 240 0
w 752 240 752 320 0
w 752 320 736 320 0
w 736 176 768 176 0
w 768 176 768 352 0
w 768 352 736 352 0
w 640 336 624 336 0
w 624 336 624 272 0
w 624 272 640 272 0
R 640 176 560 176 1 2 300 2.5 2.5 0 0.5
w 624 512 640 512 0
w 624 576 624 512 0
w 640 576 624 576 0
w 768 592 736 592 0
w 752 560 736 560 0
w 752 480 752 560 0
w 736 480 752 480 0
150 736 576 640 576 0 2 0 5
164 640 416 736 416 0 4 0 0 5 5 false
w 640 416 624 416 0
w 624 416 624 336 0
w 736 448 768 448 0
w 768 448 768 592 0
157 1152 176 1200 176 0
197 960 176 1056 176 0
w 1088 176 1152 176 0
w 1152 208 1088 208 0
w 1088 240 1152 240 0
w 1088 272 1152 272 0
w 1088 304 1216 304 0
w 1088 336 1248 336 0
w 1248 336 1248 304 0
w 1088 368 1280 368 0
w 1280 368 1280 304 0
w 1280 608 1280 544 0
w 1088 608 1280 608 0
w 1248 576 1248 544 0
w 1088 576 1248 576 0
w 1088 544 1216 544 0
w 1088 512 1152 512 0
w 1088 480 1152 480 0
w 1152 448 1088 448 0
w 1088 416 1152 416 0
197 960 416 1056 416 0
157 1152 416 1200 416 0
w 960 176 768 176 0
w 960 208 736 208 0
w 752 240 960 240 0
w 960 272 736 272 0
w 960 416 736 416 0
w 960 448 768 448 0
w 960 480 752 480 0
w 960 512 736 512 0
x 1316 172 1409 175 4 24 Sekundy
x 1317 413 1481 416 4 24 Desítky\ssekund
