$ 1 0.000005 49.687244006919805 50 5 50
162 912 384 1008 384 1 2.1024259 1 0 0 0.01
r 1056 384 1136 384 0 1000
g 1168 416 1168 464 0
w 1136 384 1168 384 0
w 1168 384 1168 416 0
w 1008 384 1056 384 0
w 912 384 848 384 0
w 560 384 512 384 0
r 384 448 496 448 0 10000
w 512 448 512 384 0
w 384 448 384 384 0
w 496 448 512 448 0
209 560 272 480 272 0 0.000001 2.5119914808196975 10
w 480 272 384 272 0
w 384 272 384 384 0
w 560 272 672 272 0
w 672 272 672 384 0
w 736 384 672 384 0
183 384 384 512 384 0 0.5 1.66 3.33
183 560 384 672 384 0 0.5 1.66 3.33
183 736 384 848 384 0 0.5 1.66 3.33
o 6 64 0 4098 5 0.00625 0 2 6 3
