$ 1 0.000005 10.20027730826997 50 5 50
f 672 320 672 368 0 1.5 0.02
r 576 368 576 288 0 10000
r 752 368 752 288 0 10000
w 576 368 656 368 0
w 688 368 752 368 0
w 672 320 672 256 0
w 672 256 576 256 0
w 576 256 576 288 0
R 576 256 576 208 0 0 40 3.3 0 0 0.5
R 752 288 752 208 0 0 40 5 0 0 0.5
S 528 368 448 368 0 1 false 0 2
g 448 384 448 416 0
R 448 352 448 304 0 0 40 3.3 0 0 0.5
w 528 368 576 368 0
368 752 368 752 400 0 0
368 976 368 976 400 0 0
w 976 368 1024 368 0
g 1264 384 1264 416 0
S 1200 368 1264 368 0 0 false 0 2
R 1200 288 1200 208 0 0 40 5 0 0 0.5
R 1024 256 1024 208 0 0 40 3.3 0 0 0.5
w 1024 256 1024 288 0
w 1120 256 1024 256 0
w 1120 320 1120 256 0
w 1136 368 1200 368 0
w 1024 368 1104 368 0
r 1200 368 1200 288 0 10000
r 1024 368 1024 288 0 10000
f 1120 320 1120 368 0 1.5 0.02
R 1264 352 1264 320 0 0 40 5 0 0 0.5
