$ 1 0.000005 49.687244006919805 50 5 50
162 912 384 1008 384 1 2.1024259 1 0 0 0.01
r 1056 384 1136 384 0 1000
g 1168 416 1168 464 0
w 1136 384 1168 384 0
w 1168 384 1168 416 0
w 1008 384 1056 384 0
w 912 384 848 384 0
w 560 384 512 384 0
r 400 448 496 448 0 10000
w 512 448 512 384 0
w 400 448 400 400 0
w 496 448 512 448 0
209 560 272 480 272 0 0.000001 0.7639766888651129 10
w 480 272 400 272 0
w 400 272 400 368 0
w 560 272 672 272 0
w 672 272 672 384 0
w 736 384 672 384 0
151 400 384 512 384 0 2 0 5
w 400 368 400 400 0
151 560 384 672 384 0 2 5 5
151 736 384 848 384 0 2 0 5
w 560 384 560 368 0
w 560 384 560 400 0
w 736 384 736 368 0
w 736 384 736 400 0
o 6 64 0 4098 5 0.00625 0 2 6 3
