$ 1 0.000005 10.20027730826997 50 5 50
g 656 384 656 416 0
r 656 288 656 192 0 68
R 656 192 656 144 0 0 40 4.5 0 0 0.5
162 656 288 656 336 1 2.1024259 1 0 0 0.01
162 656 336 656 384 1 2.1024259 1 0 0 0.01
162 928 352 928 304 1 2.1024259 1 0 0 0.01
162 896 304 896 352 1 2.1024259 1 0 0 0.01
R 912 192 912 144 0 0 40 4.5 0 0 0.5
r 912 288 912 192 0 68
g 912 384 912 416 0
w 896 352 912 352 0
w 912 352 912 384 0
w 928 352 912 352 0
w 928 304 912 304 0
w 912 304 912 288 0
w 896 304 912 304 0
162 720 384 720 336 1 2.1024259 1 0 0 0.01
162 720 288 720 336 1 2.1024259 1 0 0 0.01
R 720 192 720 144 0 0 40 4.5 0 0 0.5
r 720 288 720 192 0 68
g 720 384 720 416 0
w 800 304 816 304 0
w 816 304 816 288 0
w 832 304 816 304 0
w 832 352 816 352 0
w 816 352 816 384 0
w 800 352 816 352 0
g 816 384 816 416 0
r 816 288 816 192 0 68
R 816 192 816 144 0 0 40 4.5 0 0 0.5
162 800 304 800 352 1 2.1024259 1 0 0 0.01
162 832 304 832 352 1 2.1024259 1 0 0 0.01
162 1072 336 1072 384 1 2.1024259 1 0 0 0.01
162 1072 288 1072 336 1 2.1024259 1 0 0 0.01
R 1072 192 1072 144 0 0 40 4.5 0 0 0.5
r 1072 288 1072 192 0 47
g 1072 432 1072 464 0
162 1072 384 1072 432 1 2.1024259 1 0 0 0.01
162 1216 304 1216 352 1 2.1024259 1 0 0 0.01
162 1152 304 1152 352 1 2.1024259 1 0 0 0.01
R 1184 192 1184 144 0 0 40 4.5 0 0 0.5
r 1184 288 1184 192 0 47
g 1184 384 1184 416 0
w 1152 352 1184 352 0
w 1184 352 1184 384 0
w 1216 352 1184 352 0
w 1216 304 1184 304 0
w 1184 304 1184 288 0
w 1152 304 1184 304 0
162 1184 304 1184 352 1 2.1024259 1 0 0 0.01
