$ 1 0.000005 10.20027730826997 50 5 50
I 352 256 448 256 0 0.5 5
c 272 256 272 336 0 0.00001 1.8660488838155234
r 336 256 336 336 0 4700
g 272 336 272 384 0
w 336 336 272 336 0
w 272 256 336 256 0
w 336 256 352 256 0
M 448 256 480 256 0 2.5
R 128 272 64 272 0 2 30 2.5 2.5 0 0.9500000000000001
d 208 256 272 256 1 0.805904783
w 448 256 448 192 0
w 112 192 112 240 0
w 112 240 128 240 0
153 128 256 208 256 0 2 0 5
I 448 192 112 192 0 0.5 5
o 8 64 0 4098 10 0.00009765625 0 2 8 3
o 7 64 0 4098 5 0.1 0 1
