$ 1 0.000005 10.20027730826997 50 5 50
L 432 176 384 176 0 1 false 5 0
L 432 208 384 208 0 1 false 5 0
151 432 192 528 192 0 2 0 5
M 528 192 576 192 0 2.5
M 672 352 720 352 0 2.5
151 432 352 528 352 0 2 0 5
L 432 368 384 368 0 1 false 5 0
L 432 336 384 336 0 1 false 5 0
151 560 352 672 352 0 2 5 5
w 528 352 560 352 0
w 560 352 560 336 0
w 560 352 560 368 0
M 528 272 576 272 0 2.5
151 432 272 528 272 0 2 0 5
L 432 272 384 272 0 1 false 5 0
w 432 256 432 272 0
w 432 272 432 288 0
L 432 432 384 432 0 0 false 5 0
L 432 496 384 496 0 0 false 5 0
151 464 432 544 432 0 2 5 5
151 464 496 544 496 0 2 5 5
151 592 464 688 464 0 2 0 5
w 432 432 464 432 0
w 464 432 464 416 0
w 464 432 464 448 0
w 432 496 464 496 0
w 464 496 464 480 0
w 464 496 464 512 0
w 544 496 592 496 0
w 592 496 592 480 0
w 544 432 592 432 0
w 592 432 592 448 0
M 688 464 720 464 0 2.5
