$ 3 0.0012 3.9121283998153213 50 5 50
163 296 336 320 336 1 10 0 0 0 5 0 0 0 0 0 0
R 456 368 456 392 0 0 40 5 0 0 0.5
152 336 296 336 232 1 4 5 5
w 320 296 312 296 0
w 312 296 312 320 0
w 328 296 328 320 0
w 344 296 344 320 0
w 352 296 360 296 0
w 360 296 360 320 0
w 408 296 408 320 0
w 424 296 424 320 0
w 400 296 392 296 0
w 392 296 392 320 0
w 432 296 440 296 0
w 440 296 440 320 0
152 416 296 416 232 1 4 0 5
162 480 88 528 88 1 2.1024259 1 0 0 0.01
162 480 120 528 120 1 2.1024259 1 1 0 0.01
162 480 152 528 152 1 2.1024259 0 1 0 0.01
w 376 320 376 216 0
162 304 88 256 88 1 2.1024259 1 0 0 0.01
162 304 120 256 120 1 2.1024259 1 1 0 0.01
162 304 152 256 152 1 2.1024259 0 1 0 0.01
w 336 232 336 152 0
w 456 320 456 120 0
w 456 120 480 120 0
w 416 232 416 152 0
w 416 152 480 152 0
w 416 96 416 152 0
w 416 80 432 80 0
w 432 80 432 120 0
w 432 120 456 120 0
w 336 152 336 40 0
w 360 88 304 88 0
w 376 216 352 216 0
w 336 152 304 152 0
w 352 216 352 120 0
w 352 120 304 120 0
w 352 120 352 56 0
152 352 48 480 48 1 2 5 5
w 336 40 352 40 0
w 480 48 480 88 0
w 528 88 528 120 0
w 528 120 528 152 0
w 256 88 256 120 0
w 256 120 256 152 0
r 528 152 528 216 0 200
r 256 152 256 216 0 200
g 256 216 256 232 0
g 528 216 528 232 0
152 416 88 360 88 1 2 0 5
R 296 352 200 352 1 2 1 2.5 2.5 0 0.5
